20
25
-278 -888 731 -979 140 166 -383 808 874 641 -368 810 -221 -205 -79 393 -364 931 190 276 -687 717 750 -394 -712 
186 -195 190 -230 -968 -669 627 240 -847 434 -221 253 913 161 969 910 695 -729 -639 -411 -651 571 370 443 -638 
100 -57 -131 -773 -649 5 -639 124 732 954 -640 427 37 841 310 4 -431 -375 361 -859 -861 -278 -231 220 366 
-383 445 389 -983 938 614 435 746 -592 -68 388 -242 12 801 -572 -583 -872 -819 207 608 -517 -343 -570 50 584 
779 -54 -992 301 -778 -623 -827 648 -139 733 560 -28 107 793 -661 -76 680 -371 -92 922 -754 556 -176 -68 724 
-990 -459 562 611 -117 959 15 -662 -568 -841 -332 427 -556 -815 -445 214 110 -849 -933 -132 445 20 -613 -133 -317 
-198 -972 521 127 338 -778 -878 76 577 -788 835 -390 -964 978 774 -456 -367 -325 634 671 497 235 -557 -647 -293 
135 405 -244 -937 -722 -11 -847 -306 -73 -920 931 494 210 93 936 -454 -650 -134 973 -281 -396 73 -827 -707 -676 
-189 -655 -247 196 186 566 584 168 -580 -798 -183 365 12 298 222 682 915 108 897 842 50 423 581 698 124 
147 -632 -530 633 -897 -938 231 -538 739 467 -356 400 498 741 -486 -654 -675 -210 -110 119 180 338 568 -249 37 
-311 964 -724 -550 273 388 -237 55 -929 -961 197 114 534 -683 -860 585 -97 272 831 -423 -719 -583 367 383 496 
-276 -368 -310 -422 944 808 -200 718 -404 414 -902 -45 -988 -535 -921 880 -655 426 702 316 231 -209 -527 -250 533 
-723 -934 736 -827 -244 -729 -403 -108 -46 -451 -245 -927 -524 -873 -770 -604 396 -62 -98 -958 -371 -109 -194 751 -303 
935 -10 664 -934 -736 933 -842 940 45 667 741 64 545 839 142 500 -938 57 916 323 806 869 299 471 -81 
835 852 570 -292 -97 386 259 984 475 -180 280 -68 -174 -311 -384 -404 -867 430 -540 -511 332 850 98 760 -459 
-434 833 -111 -572 -110 -934 691 -808 147 -572 -920 -412 231 -859 -720 -519 79 -931 19 861 -432 236 -633 300 -274 
673 -562 -161 -18 586 984 -247 810 -833 -663 552 -630 556 -415 -246 589 -261 679 -740 -465 -992 -99 289 -821 -993 
-747 781 -921 899 972 330 465 589 701 217 627 -148 209 560 -556 327 -222 64 804 -272 -889 522 484 -735 -728 
828 557 -894 -235 -283 -229 148 -341 -25 333 -797 -326 910 -806 6 -913 -220 855 367 126 -264 529 -882 816 207 
230 837 485 451 895 -269 -703 814 627 -856 772 358 -177 -17 -555 -522 -808 -766 -774 -760 -348 -133 -131 -203 -360 
